[2024-12-09]
Symbol            Price      Low      High      Chg from Open      Change %      Volume      Float      Market Cap      Pre-market Chg %      Pre-market Vol      Pre-market Close
----------------------------------------------------------------------------------------------------------------------------------------------------------------------------------
LDTC               1.37     1.18      1.85             -17.37        342.20   197530498    8190162        11317548                435.14           100218865                  1.66
SONN               3.08     2.93      4.85             -29.15         46.43    42886500     792324         2575801                105.24            14469017                  4.31
ZEO                2.29     2.22      2.80             -15.12         69.76    43227090    3244343        98337583                   100            28707985                  2.70
ASST               0.93     0.60      1.02              30.95        102.78    98972151    3803844         2725168                 54.86            25312527                  0.71
UOKA               0.23     0.16      0.32              10.54         60.22   171175976    5261880         3636355                 47.28            50344172                  0.21
GXAI               3.95     3.49      4.29               8.52         51.92    38365484    2527994        11339553                 39.23             8638918                  3.62
MGX                2.84     2.45      3.15              14.52         53.51    11744871   18782464       106283932                 30.27             1028316                  2.41
RIME               0.13     0.11      0.14               8.31         40.33   207399038    7870472         1835178                 29.78            90000114                  0.12
SATL               4.82     4.63      5.49               1.47         22.96     6344674   54510250       439121704                 22.96             2660327                  4.82
BBAI               3.71     3.55      4.49             -10.48          9.91    69561456  132183363       930926619                 21.89             9775619                  4.12
PTVE              17.45    17.35     17.61              -0.77         18.84     4292439   39625103      3127736357                 19.75              320322                 17.58
FRGT               1.55     1.49      1.81             -14.36          1.97     1300954    1985470         3107864                 19.08              831630                  1.81
CRKN               0.25     0.23      0.29             -11.61          1.16    18795955    9258312         2344011                 17.10             4762530                  0.29
WKSP               0.89     0.82      0.92              -1.15         14.79     5276586   30187046        29149786                 16.73             1133117                  0.90
RZLV               1.94     1.92      2.37              -8.02          6.05     3208930   68419578       334155101                 15.85              846553                  2.12
RGTI               4.49     4.28      5.09             -11.19          2.60    95291777  203063189      1088804695                 15.30            30238262                  5.05
SOAR               0.28     0.27      0.32              -0.11          8.61    10194413   15597351         8448756                 14.85             3805675                  0.30
SES                0.48     0.47      0.52              -4.31          7.28     2392320  175687822       173765701                 13.58              551138                  0.51
GRI                0.83     0.81      0.90              -7.78          5.06      675230    8920434         7414693                 12.82              335599                  0.89
BLUE               0.47     0.46      0.51              -7.76          3.35     5680244  192722003        91476147                 11.60             1213933                  0.51
UAMY               1.82     1.76      2.18             -13.92         -3.95    10654168   82995898       197916355                 11.58             1003692                  2.12
RLMD               0.48     0.46      0.51              -3.61          5.14     1640995   25170442        14513791                 11.45              655315                  0.51
AISP               3.46     3.42      3.95             -10.13          1.47     1799342   14355057        94404425                 11.44              315257                  3.80
PDYN               4.29     4.27      4.96             -10.15         -3.70     1624081   15485271       129332751                 11.21              353591                  4.96
GRRR               7.08     6.90      7.57              -2.21          7.52     3181460    9441500        78613050                 10.94             1152170                  7.30
CCCC               4.32     4.20      5.10             -11.66         -2.26     1431508   56670825       304944307                 10.86              306857                  4.90
OPTT               0.34     0.34      0.37              -7.59          0.41    15549815  108487213        43158335                 10.72             5466766                  0.38
LAES               0.40     0.39      0.44              -7.53         -0.08     2150409   22112037        14159221                 10.56              709703                  0.44
MCRB               0.86     0.85      0.95              -4.28          4.80    11238151  124665375       147312805                 10.51             5104525                  0.91
MVST               1.19     1.17      1.36             -11.77         -3.94     7941158  176140556       383686435                  9.68              826031                  1.36
NVTS               4.60     3.78      4.66              12.20         22.02     9692104  112874702       859263865                  9.55              753595                  4.13
GFAI               1.53     1.45      1.63               3.38         11.68     1977807    8361468        15663041                  9.49              260589                  1.50
RXRX               8.54     8.50      9.55              -3.12          6.55    21619117  302388498      3318231140                  8.74             2013041                  8.71
SERV              12.05    11.61     13.69              -5.86          2.12    11296952   26840456       533793256                  8.47              868642                 12.80
ENTO               0.82     0.80      0.93              -5.86          2.04     1543803    4659472         3876911                  8.23              733975                  0.86
QUBT               7.60     7.10      8.67             -11.37         -4.10    13386121   86507912       899008884                  7.82             1662466                  8.55
AFMD               2.40     2.32      2.64              -4.00          3.00      987641   13020350        36545909                  7.30              532441                  2.50
PL                 3.99     3.97      4.50             -10.14         -4.09     3844807  195787285      1170941457                  7.21              326081                  4.46
ANGO               8.59     7.44      9.42              15.39         22.64     2857397   38699050       348845041                  7.14              537589                  7.50
