#After calling 'save', insert a single '+' (without quotations) before symbol names you'd like to save in excel worksheet.

[2025/03/20]

Symbol  Open Price   Low  High Chg from Open % Change %    Volume    Float  Market Cap Pre-market Open Pre-market Close Pre-market Chg %  Pre-market Vol
--------------------------------------------------------------------------------------------------------------------------------------------------------
   SAG  1.12  1.17  0.94  1.56            4.46    73.33 126191826  3943245    11553750            0.95             1.13            67.41        18592323
  OPTN  9.50  9.15  9.09  9.60           -3.68    52.50   2169476  7849328    92005993            9.48             9.50            58.33          394706
  WINT  2.56  2.18  1.94  3.48          -14.84    28.99 121675342   748350     1526000            1.72             2.56            51.48        19369594
   IMG  0.62  0.52  0.48  0.67          -15.81     8.75  22555745  5254683     5606175            0.62             0.62            29.17        10231330
  ADTX 11.68 10.69 10.35 12.92           -8.48     6.58  17128574  1031100    11022480            9.55            11.74            17.03         2537119
  VVPR  0.83  0.85  0.74  0.85            2.16    14.58    693512  2031740     3764449            0.74             0.86            16.07          251146
  AEON  0.85  0.72  0.67  0.87          -15.13    -3.33   1689286   758861      805260            0.73             0.87            15.97          331135
  BTOG  0.30  0.30  0.28  0.31           -1.64    12.95  31799274  7912942     2556551            0.31             0.30            14.72        14782055
  ASBP  0.75  0.69  0.65  0.82           -8.23     4.29   1924400 34015652    31662368            0.69             0.75            13.64          365279
  PSTV  0.57  1.38  0.55  2.08          142.06   170.06 353493765  5746156     6022175            0.52             0.57            12.04         9707580
  GCTK  0.43  0.41  0.36  0.51           -4.75     6.22  41833637 10169070     4305616            0.39             0.42             9.14        13571136
  PTPI  0.08  0.08  0.07  0.08               0     5.85  14688735 24493179     2274654            0.07             0.08             8.91         3402371