#After calling 'save', insert a single '+' (without quotations) before symbol names you'd like to save in excel worksheet.

[2025/03/22]

Symbol Open Price  Low High Chg from Open % Change %    Volume     Float  Market Cap Pre-market Open Pre-market Close Pre-market Chg %  Pre-market Vol
------------------------------------------------------------------------------------------------------------------------------------------------------
  ALUR 3.87  3.58 3.09 4.18           -7.49    57.02  74447864   5186717    21342935            3.59             3.85            68.86        25038047
  VVPR 1.32  1.29 1.04 1.63           -2.27    52.14  65083314   2031740     5727255            0.85             1.33            56.86         4678443
   IBO 3.16  4.96 2.89 6.17           56.96   138.46 142231442   5106364    57059616            3.55             3.16            51.92        13890551
  PNBK 1.51  1.40 1.13 1.58           -7.28    32.08  19653825   2147320     5566502            1.58             1.52            43.40         9682739
  RNAZ 1.01  1.12 0.86 1.67           10.89    45.45 216207616    660858      779799            0.75                1            29.87        25918417
  LITM 0.70  0.69 0.63 0.80           -2.22    14.13 110274928  92219755    63845193            0.68             0.71            18.82        37249972
  AREC 0.52  0.50 0.47 0.65           -3.81    13.12  10006706  51463873    38710629            0.49             0.51            15.38          481479
  ELAB 7.40  4.93 4.67 7.98          -33.38   -22.97   5245339    572155     2846932            6.38             7.34            14.69         2470922
  XHLD 1.13  1.40 1.08 1.88           23.89    40.36  58662135   3847010    38298582            1.03             1.14            14.30         4266852
   NAK 0.75  0.89 0.74 0.91           18.88    26.27  37547342 526999926   479434914            0.73             0.77             8.75         1339270
   PEV 0.65  0.58 0.51 0.65          -10.41    -2.56   2952995  27824298    26897948            0.61             0.65             7.43          337670